cloudy1_0
[10, 13, 16, 18, 19, 21, 20]
[0, 0, 1, 4, 5, 7, 9]
[0, 0, 0, 0, 0, 1, 3]

cloudy1_1
[9, 12, 16, 18, 20, 23, 24]
[0, 3, 7, 10, 12, 14, 16]
[0, 0, 2, 5, 6, 8, 10]

cloudy1_2
[15, 19, 25, 31, 36, 43, 44]
[4, 9, 14, 18, 20, 26, 31]
[2, 5, 9, 11, 13, 15, 17]

cloudy2_0
[8, 10, 12, 15, 15, 17, 17]
[0, 0, 0, 0, 0, 3, 3]
[0, 0, 0, 0, 0, 0, 0]

cloudy2_1
[9, 10, 14, 17, 18, 20, 18]
[0, 0, 0, 0, 0, 2, 3]
[0, 0, 0, 0, 0, 0, 0]

cloudy2_2
[13, 16, 20, 25, 33, 40, 41]
[8, 8, 12, 14, 16, 24, 27]
[0, 0, 0, 0, 1, 5, 7]

shady1_0
[32, 39, 51, 54, 53, 59, 58]
[25, 27, 38, 44, 49, 58, 57]
[26, 32, 42, 61, 67, 79, 86]

shady1_1
[33, 39, 50, 51, 62, 71, 76]
[32, 34, 47, 59, 68, 73, 78]
[33, 38, 54, 76, 85, 95, 100]

shady1_2
[36, 50, 70, 81, 80, 85, 86]
[32, 34, 41, 54, 62, 73, 75]
[35, 41, 54, 74, 79, 86, 96]

shady2_0
[0, 1, 5, 9, 10, 16, 27]
[0, 1, 5, 7, 9, 13, 21]
[5, 5, 8, 10, 9, 17, 16]

shady2_1
[0, 2, 9, 19, 25, 33, 50]
[8, 11, 20, 25, 27, 35, 67]
[33, 29, 35, 36, 27, 41, 37]

shady2_2
[2, 3, 8, 15, 17, 24, 51]
[9, 12, 20, 24, 27, 36, 65]
[26, 18, 20, 23, 18, 35, 33]

shady3_0
[1, 4, 5, 7, 8, 10, 10]
[4, 4, 4, 5, 6, 6, 9]
[11, 11, 11, 11, 11, 12, 13]

shady3_1
[0, 1, 3, 6, 7, 9, 9]
[3, 3, 3, 4, 5, 7, 7]
[10, 10, 10, 10, 10, 11, 13]

shady3_2
[0, 0, 3, 5, 6, 7, 8]
[3, 3, 3, 3, 4, 8, 8]
[10, 11, 11, 12, 12, 13, 15]

shady4_0
[2, 5, 7, 11, 20, 23, 31]
[2, 8, 14, 20, 25, 32, 45]
[23, 33, 41, 48, 51, 62, 74]

shady4_1
[10, 12, 13, 14, 23, 24, 31]
[2, 6, 15, 21, 30, 33, 52]
[19, 27, 34, 39, 44, 48, 67]

shady4_2
[6, 7, 8, 9, 13, 15, 20]
[2, 8, 12, 16, 21, 24, 36]
[17, 26, 31, 34, 39, 41, 50]

sunny1_0
[14, 17, 20, 25, 27, 33, 39]
[5, 12, 20, 29, 33, 39, 49]
[0, 5, 11, 16, 21, 27, 34]

sunny1_1
[12, 14, 18, 24, 25, 28, 35]
[6, 13, 22, 31, 36, 41, 46]
[0, 6, 14, 21, 26, 34, 41]

sunny1_2
[15, 17, 21, 25, 27, 32, 38]
[10, 17, 26, 36, 39, 41, 51]
[0, 10, 18, 26, 33, 41, 49]

sunny2_0
[15, 18, 23, 35, 38, 44, 61]
[4, 10, 18, 28, 36, 42, 52]
[4, 9, 17, 20, 32, 38, 43]

sunny2_1
[14, 15, 21, 35, 38, 47, 63]
[5, 11, 19, 30, 39, 49, 59]
[3, 11, 19, 21, 36, 45, 47]

sunny2_2
[13, 15, 22, 35, 38, 45, 58]
[6, 13, 21, 33, 41, 50, 58]
[3, 10, 18, 22, 38, 49, 52]

sunny3_0
[6, 10, 13, 18, 20, 25, 32]
[5, 8, 11, 15, 17, 24, 33]
[5, 7, 10, 10, 11, 14, 15]

sunny3_1
[9, 13, 17, 23, 25, 31, 39]
[6, 7, 13, 19, 21, 33, 40]
[3, 5, 8, 10, 13, 16, 19]

sunny3_2
[6, 10, 14, 19, 21, 24, 32]
[4, 7, 10, 16, 20, 27, 35]
[5, 9, 12, 14, 16, 19, 21]

