cloudy1_0
[20, 24, 27, 36, 44, 72, 75]
[19, 27, 34, 43, 57, 68, 66]
[15, 20, 27, 36, 45, 68, 71]
cloudy1_1
[22, 24, 34, 39, 49, 61, 76]
[19, 27, 35, 47, 52, 68, 73]
[10, 16, 24, 33, 44, 59, 71]
cloudy1_2
[21, 24, 27, 34, 46, 68, 55]
[19, 25, 33, 43, 49, 62, 67]
[11, 15, 24, 34, 42, 57, 66]
cloudy2_0
[20, 26, 33, 43, 51, 70, 83]
[23, 35, 44, 65, 77, 90, 95]
[24, 36, 48, 55, 59, 78, 75]
cloudy2_1
[15, 24, 29, 33, 42, 50, 63]
[14, 27, 33, 41, 50, 75, 82]
[16, 24, 32, 35, 45, 66, 68]
cloudy2_2
[17, 24, 33, 35, 43, 52, 62]
[13, 26, 31, 38, 55, 74, 79]
[12, 23, 27, 26, 38, 52, 50]
shady1_0
[54, 51, 59, 72, 80, 84, 85]
[24, 33, 51, 68, 77, 83, 84]
[41, 62, 76, 83, 85, 98, 104]
shady1_1
[57, 55, 58, 72, 81, 87, 89]
[26, 37, 53, 65, 86, 86, 87]
[50, 73, 89, 87, 98, 102, 107]
shady1_2
[52, 62, 59, 68, 77, 79, 84]
[24, 29, 41, 52, 73, 77, 81]
[34, 52, 67, 76, 76, 84, 95]
shady2_0
[10, 15, 18, 24, 28, 33, 39]
[14, 20, 27, 37, 44, 53, 61]
[36, 43, 45, 55, 62, 75, 81]
shady2_1
[12, 18, 24, 27, 35, 36, 41]
[10, 16, 24, 34, 40, 45, 54]
[35, 35, 38, 46, 50, 57, 71]
shady2_2
[10, 16, 22, 26, 30, 31, 37]
[10, 14, 23, 28, 34, 38, 41]
[41, 47, 46, 51, 51, 67, 75]
shady3_0
[24, 37, 63, 72, 78, 84, 81]
[25, 44, 52, 66, 69, 71, 78]
[14, 20, 26, 36, 39, 43, 52]
shady3_1
[23, 33, 40, 66, 80, 82, 78]
[24, 40, 50, 61, 67, 69, 77]
[13, 19, 26, 36, 42, 43, 52]
shady3_2
[22, 30, 40, 57, 65, 72, 75]
[25, 36, 41, 62, 69, 70, 76]
[15, 18, 25, 36, 43, 41, 49]
shady4_0
[22, 27, 25, 29, 41, 47, 63]
[14, 21, 36, 41, 54, 61, 76]
[17, 24, 31, 37, 41, 52, 65]
shady4_1
[14, 20, 18, 16, 23, 32, 34]
[6, 10, 25, 35, 41, 51, 68]
[14, 23, 27, 35, 38, 38, 46]
shady4_2
[14, 20, 20, 14, 15, 16, 24]
[1, 6, 15, 21, 27, 33, 37]
[16, 20, 24, 26, 29, 28, 35]
sunny1_0
[14, 16, 19, 24, 25, 29, 36]
[13, 18, 23, 28, 33, 35, 41]
[10, 17, 22, 24, 33, 42, 59]
sunny1_1
[17, 19, 22, 29, 28, 33, 41]
[15, 22, 26, 33, 38, 39, 45]
[10, 15, 20, 24, 32, 47, 62]
sunny1_2
[10, 13, 16, 20, 24, 24, 31]
[9, 17, 20, 24, 27, 30, 36]
[6, 12, 16, 20, 23, 29, 38]
sunny2_0
[33, 33, 36, 39, 39, 42, 54]
[10, 17, 22, 25, 30, 38, 45]
[20, 29, 31, 29, 39, 45, 49]
sunny2_1
[33, 34, 38, 41, 40, 46, 50]
[8, 16, 21, 24, 27, 34, 40]
[14, 21, 23, 20, 29, 38, 38]
sunny2_2
[31, 33, 36, 39, 38, 41, 46]
[10, 18, 21, 27, 33, 38, 44]
[14, 22, 24, 23, 34, 41, 44]
sunny3_0
[20, 25, 34, 46, 53, 72, 85]
[22, 30, 35, 43, 52, 70, 79]
[15, 21, 27, 29, 33, 47, 51]
sunny3_1
[22, 28, 38, 58, 67, 77, 82]
[23, 30, 37, 48, 52, 72, 79]
[17, 19, 30, 31, 35, 44, 54]
sunny3_2
[20, 25, 36, 44, 61, 72, 82]
[22, 33, 38, 48, 63, 77, 82]
[19, 22, 27, 33, 36, 47, 51]
