cloudy1_0
[0, 0, 2, 6, 10, 16, 20]
[6, 7, 10, 11, 14, 17, 18]
[20, 22, 26, 32, 35, 40, 42]
cloudy1_1
[1, 4, 7, 10, 14, 17, 20]
[5, 6, 8, 10, 13, 14, 17]
[25, 23, 26, 28, 30, 34, 35]
cloudy1_2
[0, 0, 4, 9, 14, 18, 22]
[10, 12, 15, 17, 20, 24, 28]
[34, 35, 41, 50, 55, 66, 68]
cloudy2_0
[5, 8, 14, 20, 28, 37, 47]
[21, 30, 37, 44, 54, 70, 75]
[23, 30, 38, 41, 47, 62, 71]
cloudy2_1
[12, 17, 22, 26, 31, 38, 49]
[20, 29, 34, 40, 45, 59, 71]
[22, 30, 38, 39, 46, 58, 69]
cloudy2_2
[13, 20, 25, 29, 36, 45, 52]
[18, 29, 35, 37, 52, 64, 73]
[19, 32, 38, 39, 54, 67, 69]
shady1_0
[0, 0, 0, 1, 6, 9, 11]
[41, 37, 45, 51, 56, 61, 58]
[72, 81, 91, 97, 102, 108, 113]
shady1_1
[0, 0, 4, 9, 14, 18, 20]
[48, 52, 67, 72, 79, 80, 82]
[65, 77, 86, 95, 100, 106, 110]
shady1_2
[0, 0, 3, 10, 14, 17, 21]
[50, 56, 68, 76, 81, 84, 87]
[64, 74, 83, 92, 97, 101, 108]
shady2_0
[15, 14, 17, 19, 22, 23, 24]
[5, 7, 11, 15, 16, 17, 20]
[2, 3, 5, 9, 9, 11, 11]
shady2_1
[20, 16, 16, 17, 18, 19, 23]
[1, 6, 14, 20, 22, 25, 28]
[5, 5, 9, 14, 13, 12, 14]
shady2_2
[14, 10, 8, 10, 12, 13, 16]
[0, 4, 12, 16, 19, 21, 24]
[7, 7, 9, 13, 12, 11, 15]
shady3_0
[1, 2, 4, 7, 14, 18, 18]
[3, 7, 7, 10, 12, 14, 16]
[11, 13, 14, 14, 11, 11, 13]
shady3_1
[0, 0, 2, 5, 9, 14, 15]
[1, 4, 5, 7, 9, 11, 13]
[5, 8, 9, 10, 8, 8, 10]
shady3_2
[1, 2, 4, 7, 9, 13, 14]
[0, 3, 3, 6, 8, 10, 12]
[6, 8, 9, 10, 9, 9, 10]
shady4_0
[0, 0, 0, 0, 0, 0, 0]
[0, 0, 0, 0, 0, 0, 179]
[0, 3, 6, 9, 14, 19, 23]
shady4_1
[0, 0, 0, 0, 0, 0, 0]
[0, 0, 0, 179, 0, 0, 0]
[0, 0, 2, 3, 4, 5, 9]
shady4_2
[0, 0, 0, 0, 0, 0, 0]
[0, 0, 0, 0, 0, 0, 0]
[0, 0, 2, 1, 1, 2, 7]
sunny1_0
[36, 29, 26, 26, 24, 23, 22]
[8, 8, 9, 11, 11, 12, 15]
[0, 0, 4, 8, 12, 13, 14]
sunny1_1
[35, 27, 23, 24, 21, 20, 20]
[5, 5, 5, 7, 9, 8, 9]
[0, 0, 3, 7, 11, 12, 14]
sunny1_2
[36, 32, 26, 28, 25, 25, 27]
[6, 6, 7, 8, 9, 10, 11]
[0, 0, 2, 6, 8, 12, 14]
sunny2_0
[33, 30, 29, 30, 31, 31, 31]
[65, 62, 58, 54, 52, 54, 55]
[53, 51, 66, 70, 60, 62, 62]
sunny2_1
[38, 41, 45, 46, 44, 43, 42]
[74, 79, 80, 77, 77, 73, 75]
[34, 45, 70, 75, 77, 79, 82]
sunny2_2
[38, 40, 41, 43, 40, 41, 40]
[68, 76, 78, 75, 73, 71, 72]
[33, 42, 59, 66, 60, 68, 70]
sunny3_0
[12, 11, 9, 12, 14, 18, 21]
[20, 25, 26, 29, 33, 39, 43]
[25, 27, 33, 35, 42, 46, 47]
sunny3_1
[27, 30, 31, 37, 37, 42, 49]
[30, 38, 42, 50, 56, 68, 75]
[24, 28, 36, 45, 52, 65, 67]
sunny3_2
[33, 35, 35, 40, 42, 45, 48]
[29, 36, 38, 45, 50, 62, 69]
[25, 26, 31, 36, 43, 48, 49]
