cloudy1_0
[44, 68, 83, 88, 96, 98, 99]
[48, 43, 47, 43, 42, 43, 44]
[51, 71, 85, 96, 98, 102, 104]

cloudy1_1
[45, 70, 83, 90, 96, 99, 102]
[44, 71, 41, 36, 40, 35, 35]
[41, 68, 83, 90, 96, 99, 101]

cloudy1_2
[44, 69, 83, 92, 98, 101, 103]
[47, 76, 67, 39, 60, 39, 38]
[47, 72, 85, 93, 98, 101, 104]

cloudy2_0
[43, 65, 80, 88, 94, 98, 101]
[44, 63, 75, 67, 92, 67, 66]
[32, 73, 83, 82, 94, 98, 101]

cloudy2_1
[42, 61, 78, 85, 91, 96, 100]
[44, 65, 76, 81, 91, 73, 74]
[36, 72, 82, 86, 95, 98, 101]

cloudy2_2
[39, 64, 79, 85, 92, 96, 98]
[39, 67, 77, 74, 94, 78, 60]
[33, 71, 81, 83, 93, 98, 100]

shady1_0
[78, 86, 97, 100, 105, 109, 110]
[70, 72, 70, 71, 72, 74, 76]
[77, 86, 96, 100, 101, 103, 105]

shady1_1
[77, 85, 96, 99, 104, 108, 110]
[73, 75, 74, 73, 73, 76, 77]
[77, 86, 97, 100, 101, 105, 106]

shady1_2
[79, 85, 95, 100, 104, 108, 109]
[72, 69, 69, 71, 71, 73, 74]
[79, 85, 95, 100, 101, 102, 105]

shady2_0
[18, 82, 95, 102, 105, 108, 112]
[65, 75, 83, 97, 101, 103, 104]
[82, 86, 96, 105, 106, 111, 113]

shady2_1
[22, 83, 96, 103, 106, 109, 113]
[74, 74, 86, 88, 105, 105, 99]
[86, 89, 98, 107, 108, 110, 113]

shady2_2
[24, 80, 95, 101, 104, 108, 112]
[63, 60, 65, 65, 78, 85, 76]
[83, 85, 96, 105, 106, 111, 113]

shady3_0
[30, 48, 69, 78, 85, 92, 95]
[26, 28, 33, 34, 49, 61, 85]
[36, 46, 66, 81, 85, 94, 97]

shady3_1
[34, 48, 71, 80, 86, 93, 96]
[28, 54, 63, 41, 83, 93, 49]
[35, 48, 65, 83, 85, 95, 99]

shady3_2
[31, 43, 70, 82, 86, 94, 99]
[29, 35, 36, 45, 48, 69, 84]
[35, 47, 62, 80, 83, 92, 96]

shady4_0
[38, 64, 78, 86, 98, 101, 106]
[28, 45, 58, 57, 47, 41, 90]
[35, 56, 78, 86, 90, 96, 101]

shady4_1
[41, 60, 78, 86, 97, 100, 105]
[25, 37, 57, 80, 84, 61, 46]
[30, 48, 73, 85, 87, 95, 99]

shady4_2
[41, 68, 80, 87, 97, 100, 107]
[29, 46, 65, 82, 81, 85, 98]
[29, 48, 73, 83, 87, 95, 99]

sunny1_0
[50, 64, 76, 85, 89, 94, 98]
[53, 70, 83, 91, 95, 98, 101]
[66, 83, 87, 91, 95, 97, 100]

sunny1_1
[47, 54, 68, 83, 84, 88, 96]
[51, 56, 79, 89, 95, 95, 98]
[67, 80, 85, 91, 95, 98, 99]

sunny1_2
[44, 51, 69, 83, 85, 91, 97]
[47, 49, 70, 86, 92, 89, 90]
[65, 79, 85, 91, 95, 98, 100]

sunny2_0
[55, 72, 81, 93, 94, 97, 101]
[53, 71, 79, 85, 91, 93, 96]
[71, 82, 87, 88, 97, 100, 100]

sunny2_1
[51, 68, 80, 87, 89, 95, 99]
[55, 75, 82, 86, 90, 92, 96]
[64, 80, 86, 85, 96, 100, 100]

sunny2_2
[58, 71, 81, 87, 89, 94, 97]
[61, 78, 82, 87, 93, 94, 97]
[63, 81, 86, 86, 96, 100, 101]

sunny3_0
[53, 73, 85, 95, 98, 102, 106]
[47, 34, 35, 43, 65, 48, 53]
[38, 66, 81, 85, 92, 96, 98]

sunny3_1
[58, 75, 85, 98, 99, 103, 108]
[53, 75, 78, 46, 75, 43, 44]
[43, 69, 82, 79, 84, 86, 87]

sunny3_2
[53, 75, 85, 96, 99, 102, 108]
[50, 7, 11, 15, 16, 18, 22]
[44, 73, 83, 80, 85, 86, 89]

