cloudy1_0
[0, 0, 0, 0, 1, 3, 4]
[0, 0, 0, 0, 2, 4, 5]
[0, 0, 0, 1, 2, 5, 6]
cloudy1_1
[0, 0, 0, 0, 0, 2, 3]
[0, 0, 0, 0, 0, 2, 4]
[0, 0, 0, 0, 0, 1, 2]
cloudy1_2
[0, 0, 0, 0, 1, 2, 3]
[0, 0, 0, 0, 1, 3, 4]
[0, 0, 0, 0, 0, 1, 2]
cloudy2_0
[0, 0, 0, 0, 0, 0, 2]
[0, 0, 0, 0, 0, 0, 0]
[0, 0, 0, 0, 0, 0, 0]
cloudy2_1
[0, 0, 0, 0, 0, 1, 2]
[0, 0, 0, 0, 0, 0, 1]
[0, 0, 0, 0, 0, 0, 0]
cloudy2_2
[0, 0, 0, 0, 0, 3, 3]
[0, 0, 0, 0, 0, 0, 2]
[0, 0, 0, 0, 0, 0, 0]
shady1_0
[2, 4, 6, 8, 10, 13, 13]
[0, 0, 1, 3, 5, 6, 7]
[0, 0, 1, 4, 6, 8, 10]
shady1_1
[2, 4, 6, 8, 10, 13, 13]
[0, 0, 1, 2, 5, 6, 7]
[0, 0, 1, 4, 6, 9, 11]
shady1_2
[2, 4, 5, 8, 9, 11, 12]
[0, 0, 2, 3, 5, 7, 9]
[0, 0, 1, 5, 6, 8, 12]
shady2_0
[3, 6, 8, 11, 12, 14, 17]
[3, 4, 5, 7, 9, 11, 14]
[0, 2, 5, 10, 11, 14, 15]
shady2_1
[2, 4, 7, 10, 12, 14, 16]
[1, 2, 4, 6, 8, 10, 13]
[0, 1, 4, 8, 9, 11, 14]
shady2_2
[2, 5, 7, 9, 11, 14, 15]
[1, 2, 4, 5, 7, 10, 12]
[0, 1, 4, 7, 8, 11, 13]
shady3_0
[0, 0, 0, 0, 0, 1, 3]
[0, 0, 0, 0, 0, 0, 0]
[0, 0, 0, 0, 0, 0, 0]
shady3_1
[0, 0, 0, 0, 0, 0, 0]
[0, 0, 0, 0, 0, 0, 0]
[0, 0, 0, 0, 0, 0, 0]
shady3_2
[0, 0, 1, 3, 4, 5, 7]
[0, 0, 1, 2, 3, 4, 4]
[0, 0, 0, 0, 1, 2, 3]
shady4_0
[0, 4, 6, 6, 8, 10, 13]
[1, 6, 8, 10, 13, 14, 16]
[2, 6, 7, 10, 11, 13, 15]
shady4_1
[2, 5, 6, 7, 9, 11, 15]
[1, 4, 8, 11, 13, 14, 16]
[1, 5, 7, 9, 10, 11, 14]
shady4_2
[1, 5, 6, 8, 9, 11, 16]
[1, 5, 8, 11, 12, 14, 17]
[0, 6, 8, 10, 11, 13, 15]
sunny1_0
[0, 0, 0, 0, 0, 0, 0]
[0, 0, 0, 0, 0, 0, 0]
[0, 0, 0, 0, 0, 1, 1]
sunny1_1
[0, 0, 0, 0, 0, 0, 0]
[0, 0, 0, 0, 0, 0, 0]
[0, 0, 0, 0, 1, 2, 2]
sunny1_2
[0, 0, 0, 0, 0, 0, 0]
[0, 0, 0, 0, 0, 0, 0]
[0, 0, 0, 0, 0, 1, 2]
sunny2_0
[0, 0, 0, 0, 0, 0, 0]
[0, 0, 0, 0, 0, 0, 0]
[0, 0, 0, 0, 0, 0, 0]
sunny2_1
[0, 0, 0, 0, 0, 0, 0]
[0, 0, 0, 0, 0, 0, 0]
[0, 0, 0, 0, 0, 0, 0]
sunny2_2
[0, 0, 0, 0, 0, 0, 0]
[0, 0, 0, 0, 0, 0, 0]
[0, 0, 0, 0, 0, 0, 0]
sunny3_0
[0, 0, 1, 3, 4, 6, 8]
[0, 0, 0, 0, 0, 2, 3]
[0, 0, 0, 0, 0, 0, 0]
sunny3_1
[0, 0, 0, 3, 3, 5, 7]
[0, 0, 0, 0, 0, 1, 2]
[0, 0, 0, 0, 0, 0, 0]
sunny3_2
[0, 0, 0, 2, 3, 5, 6]
[0, 0, 0, 0, 0, 1, 3]
[0, 0, 0, 0, 0, 0, 0]
