behind_green
[17, 14, 14, 14, 14, 14, 14, 14, 14, 14]
[58, 57, 45, 45, 32, 40]

behind_green_2
[14, 13, 11, 11, 10, 10, 10, 10, 10, 10]
[58, 41, 39, 21, 19, 20]

behind_sharp
[7, 6, 7, 9, 10, 10, 10, 11, 11, 12]
[15, 18, 41, 33, 23, 33]

behind_sharp_2
[0, 0, 0, 0, 0, 0, 0, 0, 0, 0]
[0, 0, 0, 0, 0, 0]

behind_truck
[27, 30, 35, 23, 27, 24, 22, 21, 23, 22]
[41, 38, 41, 41, 42, 42]

behind_truck_close
[30, 33, 40, 24, 19, 16, 14, 12, 13, 16]
[46, 54, 39, 37, 36, 39]

beside_green
[16, 15, 15, 15, 15, 15, 14, 14, 13, 11]
[14, 14, 4, 4, 6, 18]

beside_green_3
[20, 18, 16, 10, 6, 6, 6, 6, 6, 6]
[25, 23, 16, 21, 16, 54]

beside_green_heavy
[18, 15, 13, 10, 7, 7, 6, 6, 7, 9]
[12, 14, 4, 3, 2, 4]

beside_green_heavy_2
[14, 15, 16, 16, 17, 21, 25, 27, 29, 35]
[12, 11, 10, 8, 11, 6]

beside_green_heavy_3
[10, 14, 16, 19, 22, 24, 27, 27, 27, 25]
[0, 0, 0, 0, 0, 0]

beside_heavy_green_4
[8, 8, 8, 8, 9, 9, 10, 10, 11, 12]
[28, 29, 25, 23, 22, 22]

beside_high_gray
[2, 2, 2, 2, 2, 1, 3, 4, 6, 7]
[0, 1, 0, 4, 26, 34]

beside_high_gray_2
[0, 0, 0, 0, 0, 0, 0, 0, 2, 5]
[0, 0, 0, 0, 27, 25]

beside_high_green
[1, 2, 3, 3, 11, 16, 6, 8, 14, 13]
[11, 21, 12, 14, 9, 10]

beside_high_green_2
[0, 0, 0, 6, 10, 13, 17, 99, 2, 5]
[19, 19, 10, 14, 4, 17]

beside_high_green_3
[0, 0, 0, 15, 22, 6, 5, 0, 0, 0]
[15, 0, 5, 6, 0, 20]

beside_high_green_back
[4, 3, 3, 2, 0, 0, 0, 0, 0, 8]
[0, 0, 0, 0, 2, 4]

beside_sharp
[0, 0, 0, 0, 0, 0, 0, 0, 0, 0]
[0, 0, 0, 0, 0, 0]

beside_truck
[23, 26, 29, 20, 20, 19, 17, 18, 23, 20]
[25, 28, 26, 28, 27, 27]

beside_truck_close
[20, 19, 13, 14, 14, 18, 19, 14, 11, 11]
[13, 12, 16, 16, 18, 22]

beside_yellow_heavy
[34, 34, 34, 38, 39, 41, 39, 43, 43, 41]
[20, 14, 11, 12, 12, 32]

beside_yellow_heavy_2
[95, 95, 95, 94, 95, 95, 95, 94, 95, 96]
[22, 20, 21, 20, 22, 25]

beside_yellow_heavy_3
[83, 82, 82, 82, 85, 84, 83, 83, 85, 85]
[17, 16, 23, 16, 16, 19]

infront_green
[19, 15, 13, 15, 15, 16, 16, 16, 17, 21]
[5, 5, 3, 4, 3, 17]

infront_green_2
[25, 22, 20, 20, 19, 19, 17, 17, 22, 38]
[9, 7, 3, 4, 5, 6]

infront_high_green
[84, 80, 95, 97, 82, 99, 29, 63, 47, 83]
[0, 0, 0, 0, 0, 0]

infront_high_green_back
[20, 18, 18, 19, 45, 16, 10, 9, 7, 8]
[0, 3, 0, 0, 0, 0]

infront_high_green_back_2
[20, 0, 26, 24, 18, 18, 14, 15, 15, 14]
[0, 0, 0, 0, 0, 0]

infront_sharp
[3, 2, 2, 2, 2, 2, 2, 2, 1, 3]
[0, 0, 0, 0, 0, 0]

infront_truck
[15, 14, 13, 14, 19, 20, 19, 13, 12, 11]
[8, 5, 8, 3, 0, 0]

infront_truck_close
[18, 24, 33, 27, 18, 27, 23, 10, 5, 1]
[0, 0, 0, 0, 0, 0]

infront_yellow_heavy
[30, 28, 30, 35, 36, 40, 46, 48, 43, 38]
[1, 8, 0, 0, 0, 0]

