behind_green
[86, 93, 85, 82, 77, 71, 62, 52, 63, 68]
[118, 119, 118, 117, 120, 120]

behind_green_2
[95, 95, 85, 84, 83, 80, 73, 61, 54, 49]
[118, 113, 120, 117, 120, 120]

behind_sharp
[53, 63, 66, 74, 75, 79, 78, 81, 79, 80]
[69, 66, 81, 92, 105, 105]

behind_sharp_2
[49, 63, 77, 85, 82, 86, 86, 87, 85, 79]
[62, 54, 63, 79, 90, 98]

behind_truck
[113, 112, 111, 110, 100, 96, 102, 101, 107, 108]
[110, 106, 114, 119, 120, 120]

behind_truck_close
[107, 103, 104, 107, 103, 100, 97, 98, 103, 103]
[116, 111, 120, 120, 120, 120]

beside_green
[59, 58, 51, 52, 48, 41, 35, 31, 27, 31]
[13, 19, 35, 49, 92, 105]

beside_green_3
[84, 90, 84, 77, 51, 44, 39, 36, 38, 45]
[103, 112, 114, 118, 120, 119]

beside_green_heavy
[120, 119, 119, 112, 109, 105, 102, 97, 95, 103]
[27, 31, 30, 24, 75, 92]

beside_green_heavy_2
[119, 119, 119, 120, 120, 120, 120, 120, 120, 116]
[76, 85, 96, 97, 103, 110]

beside_green_heavy_3
[113, 110, 112, 115, 116, 112, 116, 116, 115, 119]
[33, 49, 77, 59, 96, 111]

beside_heavy_green_4
[114, 111, 110, 111, 107, 103, 105, 107, 116, 117]
[73, 81, 85, 75, 85, 93]

beside_high_gray
[65, 61, 62, 62, 66, 86, 91, 93, 92, 90]
[20, 43, 81, 99, 103, 105]

beside_high_gray_2
[43, 42, 41, 41, 39, 49, 54, 66, 69, 67]
[17, 22, 57, 77, 106, 111]

beside_high_green
[15, 18, 25, 29, 23, 22, 21, 21, 25, 27]
[15, 32, 27, 48, 33, 73]

beside_high_green_2
[10, 10, 18, 16, 9, 11, 14, 13, 29, 28]
[24, 26, 23, 47, 26, 62]

beside_high_green_3
[17, 28, 40, 41, 39, 29, 24, 13, 20, 8]
[5, 7, 10, 20, 39, 85]

beside_high_green_back
[81, 74, 68, 70, 72, 83, 81, 82, 89, 79]
[33, 31, 79, 85, 98, 100]

beside_sharp
[36, 41, 47, 52, 62, 51, 59, 55, 46, 45]
[39, 36, 37, 41, 100, 98]

beside_truck
[111, 110, 109, 104, 100, 97, 92, 99, 107, 108]
[107, 112, 116, 120, 120, 120]

beside_truck_close
[99, 99, 100, 99, 102, 95, 92, 85, 98, 99]
[102, 100, 111, 116, 120, 120]

beside_yellow_heavy
[109, 108, 109, 108, 106, 105, 109, 112, 106, 106]
[13, 18, 20, 24, 25, 35]

beside_yellow_heavy_2
[117, 114, 111, 107, 118, 110, 120, 117, 112, 111]
[17, 19, 33, 55, 76, 82]

beside_yellow_heavy_3
[120, 118, 114, 112, 120, 117, 115, 116, 120, 115]
[9, 12, 17, 34, 47, 84]

infront_green
[65, 58, 54, 63, 68, 69, 69, 69, 76, 84]
[47, 51, 61, 57, 63, 100]

infront_green_2
[81, 78, 75, 73, 74, 63, 59, 45, 54, 65]
[36, 39, 57, 73, 90, 96]

infront_high_green
[55, 62, 101, 104, 106, 101, 87, 109, 110, 48]
[19, 22, 18, 35, 32, 59]

infront_high_green_back
[101, 96, 95, 94, 105, 96, 92, 94, 100, 104]
[8, 12, 13, 12, 26, 71]

infront_high_green_back_2
[96, 91, 109, 106, 105, 105, 107, 110, 114, 114]
[14, 16, 9, 27, 45, 57]

infront_sharp
[26, 24, 24, 21, 25, 27, 27, 28, 28, 23]
[6, 1, 2, 11, 20, 57]

infront_truck
[108, 106, 105, 102, 96, 92, 91, 101, 102, 100]
[85, 92, 102, 112, 119, 120]

infront_truck_close
[101, 102, 100, 97, 96, 85, 84, 84, 73, 87]
[31, 40, 67, 101, 106, 111]

infront_yellow_heavy
[109, 108, 107, 106, 104, 109, 111, 105, 103, 106]
[20, 58, 22, 9, 12, 1]

