behind_green
[25, 19, 13, 11, 12, 12, 11, 11, 16, 61]
[95, 97, 96, 94, 93, 99]

behind_green_2
[27, 22, 14, 10, 10, 11, 9, 8, 6, 8]
[91, 49, 97, 64, 48, 69]

behind_sharp
[0, 2, 2, 3, 6, 2, 5, 3, 2, 2]
[4, 0, 6, 12, 11, 18]

behind_sharp_2
[19, 19, 24, 36, 46, 55, 51, 54, 56, 56]
[0, 0, 5, 2, 3, 4]

behind_truck
[81, 81, 89, 90, 86, 72, 78, 70, 66, 58]
[104, 101, 102, 99, 96, 94]

behind_truck_close
[56, 40, 36, 46, 43, 75, 71, 41, 36, 38]
[87, 87, 88, 89, 86, 86]

beside_green
[48, 0, 0, 2, 2, 3, 6, 8, 10, 20]
[11, 21, 46, 72, 78, 68]

beside_green_3
[68, 6, 7, 7, 9, 11, 14, 15, 20, 47]
[78, 59, 63, 49, 47, 47]

beside_green_heavy
[21, 21, 22, 20, 21, 24, 23, 20, 25, 20]
[3, 6, 0, 0, 0, 6]

beside_green_heavy_2
[83, 97, 93, 96, 88, 37, 35, 28, 25, 28]
[15, 19, 31, 28, 29, 23]

beside_green_heavy_3
[14, 16, 16, 17, 19, 20, 23, 23, 20, 21]
[4, 2, 3, 6, 3, 11]

beside_heavy_green_4
[22, 34, 39, 42, 50, 53, 61, 46, 43, 51]
[26, 26, 23, 22, 22, 25]

beside_high_gray
[11, 12, 14, 16, 16, 8, 7, 7, 4, 8]
[15, 7, 25, 24, 23, 19]

beside_high_gray_2
[13, 15, 14, 13, 13, 13, 13, 13, 11, 27]
[12, 11, 25, 34, 31, 26]

beside_high_green
[22, 41, 38, 39, 40, 40, 34, 28, 43, 43]
[51, 39, 49, 71, 67, 59]

beside_high_green_2
[17, 16, 17, 17, 17, 18, 18, 23, 18, 19]
[27, 20, 18, 23, 20, 20]

beside_high_green_3
[27, 35, 33, 31, 33, 32, 31, 33, 55, 35]
[66, 50, 39, 41, 38, 45]

beside_high_green_back
[39, 39, 39, 38, 27, 27, 24, 23, 22, 36]
[28, 27, 28, 23, 41, 45]

beside_sharp
[15, 36, 45, 51, 57, 52, 55, 63, 53, 56]
[4, 2, 6, 6, 13, 11]

beside_truck
[36, 28, 26, 27, 29, 29, 26, 26, 25, 25]
[83, 84, 81, 76, 76, 72]

beside_truck_close
[31, 32, 29, 28, 27, 32, 39, 38, 28, 28]
[51, 40, 38, 37, 45, 42]

beside_yellow_heavy
[19, 18, 19, 22, 22, 23, 17, 19, 17, 19]
[2, 5, 1, 5, 2, 8]

beside_yellow_heavy_2
[46, 35, 29, 23, 42, 36, 64, 50, 38, 29]
[0, 0, 0, 0, 0, 0]

beside_yellow_heavy_3
[39, 25, 19, 18, 50, 52, 49, 33, 54, 51]
[21, 10, 5, 4, 3, 179]

infront_green
[42, 35, 33, 21, 17, 12, 13, 12, 10, 38]
[23, 25, 28, 33, 36, 48]

infront_green_2
[40, 3, 0, 0, 0, 0, 0, 1, 6, 35]
[0, 0, 0, 0, 0, 0]

infront_high_green
[6, 4, 43, 82, 63, 74, 37, 65, 70, 14]
[0, 179, 0, 0, 2, 23]

infront_high_green_back
[43, 31, 2, 0, 27, 22, 9, 22, 18, 18]
[0, 10, 0, 179, 0, 0]

infront_high_green_back_2
[21, 0, 0, 0, 8, 2, 4, 5, 6, 5]
[0, 7, 0, 0, 0, 0]

infront_sharp
[26, 25, 25, 24, 33, 37, 39, 44, 48, 52]
[0, 0, 2, 3, 10, 12]

infront_truck
[33, 13, 6, 3, 6, 17, 19, 3, 11, 25]
[30, 31, 26, 23, 24, 40]

infront_truck_close
[18, 44, 30, 37, 28, 32, 46, 57, 51, 19]
[1, 0, 9, 15, 12, 23]

infront_yellow_heavy
[25, 21, 17, 16, 22, 25, 24, 21, 21, 19]
[0, 1, 0, 4, 4, 12]

