behind_green
[85, 26, 39, 79, 96, 96, 83, 61, 33, 81]
[103, 108, 103, 105, 106, 109]

behind_green_2
[39, 21, 27, 31, 35, 47, 45, 59, 51, 33]
[97, 119, 113, 112, 120, 116]

behind_sharp
[101, 100, 99, 98, 82, 65, 50, 44, 41, 39]
[37, 40, 57, 66, 79, 65]

behind_sharp_2
[53, 86, 97, 112, 109, 107, 105, 111, 109, 97]
[70, 53, 67, 50, 67, 42]

behind_truck
[114, 113, 116, 115, 112, 112, 113, 111, 113, 112]
[98, 95, 102, 104, 104, 104]

behind_truck_close
[95, 95, 88, 81, 78, 79, 81, 76, 80, 82]
[102, 104, 99, 100, 100, 98]

beside_green
[81, 70, 84, 85, 94, 97, 96, 97, 96, 52]
[39, 38, 38, 35, 34, 34]

beside_green_3
[71, 35, 81, 85, 80, 76, 81, 77, 57, 83]
[96, 107, 96, 94, 86, 91]

beside_green_heavy
[120, 119, 116, 111, 113, 114, 105, 51, 117, 117]
[43, 34, 42, 33, 41, 34]

beside_green_heavy_2
[105, 107, 106, 107, 102, 100, 102, 101, 101, 103]
[44, 47, 48, 39, 43, 41]

beside_green_heavy_3
[90, 99, 95, 96, 79, 91, 103, 108, 108, 97]
[7, 4, 0, 0, 0, 6]

beside_heavy_green_4
[115, 116, 115, 119, 81, 66, 61, 63, 71, 62]
[30, 31, 32, 28, 29, 31]

beside_high_gray
[116, 120, 120, 120, 120, 117, 119, 120, 120, 120]
[116, 117, 110, 114, 116, 113]

beside_high_gray_2
[107, 114, 111, 107, 79, 102, 104, 103, 108, 117]
[75, 76, 85, 92, 104, 94]

beside_high_green
[120, 120, 120, 120, 120, 120, 120, 120, 120, 120]
[120, 120, 120, 120, 120, 120]

beside_high_green_2
[84, 82, 58, 66, 85, 82, 85, 84, 81, 80]
[73, 85, 66, 96, 114, 120]

beside_high_green_3
[116, 97, 36, 65, 98, 97, 104, 76, 111, 33]
[41, 29, 33, 22, 41, 109]

beside_high_green_back
[118, 116, 114, 112, 95, 103, 99, 100, 102, 105]
[97, 95, 96, 95, 99, 99]

beside_sharp
[102, 104, 104, 105, 108, 99, 105, 104, 100, 98]
[31, 23, 31, 37, 35, 40]

beside_truck
[105, 106, 106, 105, 106, 107, 105, 105, 104, 104]
[104, 110, 104, 106, 110, 110]

beside_truck_close
[84, 84, 81, 81, 80, 78, 82, 82, 77, 81]
[79, 79, 77, 82, 104, 107]

beside_yellow_heavy
[21, 33, 47, 80, 63, 81, 35, 79, 23, 67]
[16, 16, 14, 22, 22, 32]

beside_yellow_heavy_2
[100, 97, 98, 101, 96, 104, 97, 97, 103, 101]
[36, 37, 33, 30, 34, 38]

beside_yellow_heavy_3
[104, 108, 116, 117, 103, 110, 118, 120, 104, 120]
[27, 35, 27, 24, 26, 29]

infront_green
[95, 84, 69, 55, 93, 97, 96, 96, 77, 86]
[34, 38, 35, 28, 27, 37]

infront_green_2
[97, 92, 102, 103, 104, 96, 91, 50, 82, 92]
[43, 38, 35, 35, 33, 31]

infront_high_green
[98, 84, 95, 92, 105, 61, 95, 113, 108, 98]
[5, 3, 0, 0, 6, 0]

infront_high_green_back
[116, 120, 120, 120, 120, 102, 81, 103, 114, 102]
[19, 20, 13, 10, 16, 15]

infront_high_green_back_2
[112, 111, 120, 120, 120, 120, 108, 104, 96, 105]
[20, 19, 18, 10, 106, 104]

infront_sharp
[75, 76, 90, 108, 113, 115, 114, 115, 112, 113]
[3, 1, 7, 6, 11, 32]

infront_truck
[109, 111, 111, 111, 111, 112, 108, 108, 107, 104]
[65, 62, 62, 58, 59, 65]

infront_truck_close
[68, 87, 70, 63, 62, 66, 77, 82, 102, 72]
[0, 0, 0, 0, 0, 18]

infront_yellow_heavy
[114, 113, 107, 106, 118, 113, 103, 116, 120, 98]
[2, 24, 6, 0, 0, 0]

