behind_green
[50, 46, 42, 52, 62, 79, 87, 89, 103, 95]
[95, 98, 95, 105, 96, 120]

behind_green_2
[59, 61, 38, 38, 40, 41, 61, 79, 79, 71]
[103, 103, 110, 118, 120, 120]

behind_sharp
[28, 36, 39, 37, 34, 41, 34, 39, 35, 36]
[27, 33, 67, 68, 68, 65]

behind_sharp_2
[49, 49, 32, 43, 81, 85, 86, 93, 92, 92]
[20, 16, 29, 45, 47, 44]

behind_truck
[100, 100, 100, 99, 99, 96, 97, 94, 98, 97]
[103, 100, 103, 100, 103, 101]

behind_truck_close
[81, 85, 86, 83, 78, 76, 67, 67, 71, 70]
[85, 87, 85, 85, 83, 89]

beside_green
[77, 80, 62, 65, 73, 72, 77, 75, 82, 83]
[7, 5, 0, 1, 7, 12]

beside_green_3
[67, 81, 71, 72, 61, 69, 71, 77, 73, 64]
[104, 107, 0, 0, 0, 80]

beside_green_heavy
[115, 115, 117, 118, 120, 120, 120, 120, 120, 120]
[24, 2, 17, 0, 21, 12]

beside_green_heavy_2
[110, 38, 88, 85, 38, 15, 15, 14, 39, 113]
[9, 1, 1, 0, 0, 0]

beside_green_heavy_3
[120, 108, 114, 114, 109, 99, 115, 116, 120, 120]
[11, 0, 0, 0, 0, 0]

beside_heavy_green_4
[120, 120, 115, 111, 109, 108, 99, 50, 36, 104]
[14, 11, 12, 6, 19, 21]

beside_high_gray
[41, 40, 40, 49, 56, 99, 84, 101, 106, 108]
[50, 63, 48, 65, 70, 85]

beside_high_gray_2
[15, 22, 28, 34, 33, 77, 72, 67, 67, 111]
[33, 35, 37, 58, 67, 72]

beside_high_green
[41, 39, 8, 2, 8, 33, 38, 47, 1, 3]
[13, 0, 110, 20, 115, 120]

beside_high_green_2
[43, 68, 109, 115, 111, 100, 32, 23, 24, 23]
[23, 33, 36, 27, 21, 29]

beside_high_green_3
[83, 115, 111, 120, 120, 107, 105, 82, 83, 53]
[32, 11, 24, 41, 69, 120]

beside_high_green_back
[102, 71, 108, 101, 0, 62, 55, 44, 41, 108]
[16, 11, 3, 3, 108, 23]

beside_sharp
[14, 58, 77, 76, 81, 74, 83, 85, 80, 82]
[11, 13, 16, 20, 25, 26]

beside_truck
[97, 99, 101, 99, 99, 93, 87, 95, 98, 96]
[88, 101, 92, 109, 108, 110]

beside_truck_close
[51, 53, 59, 62, 49, 45, 42, 39, 41, 47]
[27, 81, 25, 67, 50, 86]

beside_yellow_heavy
[3, 10, 32, 115, 112, 114, 4, 17, 4, 29]
[7, 0, 0, 0, 0, 21]

beside_yellow_heavy_2
[120, 120, 120, 120, 120, 120, 120, 120, 120, 120]
[0, 0, 0, 0, 0, 17]

beside_yellow_heavy_3
[116, 120, 120, 120, 118, 120, 120, 120, 120, 120]
[0, 10, 0, 0, 0, 0]

infront_green
[71, 65, 56, 56, 59, 73, 82, 71, 16, 66]
[0, 0, 0, 0, 0, 10]

infront_green_2
[82, 84, 74, 78, 69, 36, 61, 11, 67, 100]
[0, 0, 0, 0, 0, 7]

infront_high_green
[100, 99, 120, 113, 120, 97, 97, 120, 120, 97]
[0, 0, 0, 0, 0, 0]

infront_high_green_back
[104, 84, 85, 82, 118, 87, 77, 83, 96, 95]
[0, 0, 0, 0, 34, 41]

infront_high_green_back_2
[117, 36, 111, 34, 109, 78, 56, 47, 38, 21]
[0, 0, 0, 0, 18, 4]

infront_sharp
[20, 24, 50, 49, 43, 52, 67, 83, 84, 96]
[0, 0, 0, 6, 0, 16]

infront_truck
[96, 99, 99, 97, 96, 92, 85, 91, 92, 85]
[49, 53, 41, 43, 84, 93]

infront_truck_close
[97, 112, 99, 97, 95, 87, 86, 86, 81, 81]
[0, 0, 0, 8, 8, 117]

infront_yellow_heavy
[83, 79, 120, 120, 78, 81, 83, 80, 120, 120]
[0, 34, 0, 0, 1, 0]

