behind_green
[0, 0, 0, 0, 0, 0, 0, 0, 0, 0]
[10, 10, 9, 8, 9, 23]

behind_green_2
[0, 0, 0, 0, 0, 0, 0, 0, 0, 0]
[11, 10, 7, 3, 7, 9]

behind_sharp
[1, 1, 2, 4, 2, 2, 0, 2, 3, 5]
[0, 2, 10, 11, 15, 14]

behind_sharp_2
[0, 0, 0, 0, 0, 0, 0, 0, 0, 0]
[0, 0, 0, 3, 0, 1]

behind_truck
[26, 21, 19, 21, 19, 15, 18, 13, 19, 19]
[10, 14, 11, 14, 14, 15]

behind_truck_close
[22, 19, 22, 21, 16, 11, 8, 10, 12, 12]
[13, 15, 14, 13, 14, 15]

beside_green
[2, 1, 0, 1, 2, 1, 0, 0, 0, 0]
[0, 0, 0, 0, 0, 1]

beside_green_3
[3, 4, 4, 4, 1, 1, 0, 0, 0, 0]
[9, 28, 9, 12, 11, 27]

beside_green_heavy
[12, 11, 12, 14, 16, 17, 17, 19, 33, 18]
[0, 0, 0, 0, 2, 5]

beside_green_heavy_2
[25, 25, 29, 22, 21, 18, 23, 24, 28, 41]
[0, 0, 4, 0, 0, 0]

beside_green_heavy_3
[78, 76, 107, 95, 77, 61, 62, 44, 41, 63]
[4, 0, 3, 2, 1, 4]

beside_heavy_green_4
[25, 73, 63, 23, 16, 12, 6, 8, 6, 7]
[0, 0, 0, 0, 0, 0]

beside_high_gray
[17, 19, 20, 24, 30, 22, 19, 18, 21, 31]
[14, 15, 12, 10, 17, 20]

beside_high_gray_2
[13, 13, 14, 14, 9, 20, 20, 17, 20, 35]
[8, 9, 11, 9, 19, 29]

beside_high_green
[2, 0, 0, 4, 6, 7, 6, 11, 5, 3]
[0, 13, 2, 1, 1, 21]

beside_high_green_2
[3, 1, 0, 0, 3, 5, 10, 18, 18, 11]
[0, 15, 5, 4, 3, 19]

beside_high_green_3
[19, 22, 22, 59, 41, 22, 22, 5, 12, 2]
[0, 0, 0, 0, 4, 16]

beside_high_green_back
[41, 33, 20, 18, 6, 23, 23, 33, 52, 14]
[9, 13, 6, 1, 5, 21]

beside_sharp
[4, 10, 8, 8, 11, 4, 6, 6, 2, 2]
[0, 2, 0, 1, 0, 11]

beside_truck
[33, 26, 32, 22, 18, 16, 13, 18, 22, 20]
[12, 39, 16, 30, 24, 23]

beside_truck_close
[21, 23, 20, 17, 12, 9, 8, 7, 9, 14]
[12, 15, 12, 10, 20, 17]

beside_yellow_heavy
[18, 19, 20, 23, 22, 22, 16, 24, 18, 22]
[0, 0, 0, 0, 0, 20]

beside_yellow_heavy_2
[71, 55, 50, 51, 50, 49, 46, 45, 50, 58]
[2, 3, 4, 11, 18, 12]

beside_yellow_heavy_3
[83, 66, 57, 74, 83, 63, 62, 74, 73, 68]
[0, 0, 0, 0, 4, 15]

infront_green
[6, 6, 6, 5, 2, 1, 0, 0, 0, 4]
[0, 0, 0, 0, 0, 9]

infront_green_2
[3, 1, 0, 2, 3, 0, 1, 0, 1, 1]
[0, 0, 0, 0, 0, 0]

infront_high_green
[10, 11, 17, 5, 15, 2, 1, 13, 11, 8]
[0, 0, 0, 0, 0, 0]

infront_high_green_back
[21, 14, 15, 16, 68, 27, 21, 21, 31, 23]
[0, 0, 0, 0, 0, 0]

infront_high_green_back_2
[22, 4, 14, 6, 31, 20, 23, 20, 20, 10]
[0, 0, 0, 0, 0, 0]

infront_sharp
[1, 0, 0, 0, 1, 5, 4, 5, 3, 3]
[0, 0, 0, 0, 0, 1]

infront_truck
[36, 34, 40, 22, 16, 16, 10, 16, 24, 16]
[0, 0, 2, 1, 4, 5]

infront_truck_close
[36, 73, 62, 67, 40, 22, 19, 15, 12, 16]
[0, 0, 0, 0, 3, 11]

infront_yellow_heavy
[35, 30, 26, 28, 30, 27, 31, 34, 33, 28]
[13, 7, 0, 0, 0, 0]

