concrete1_0
[91, 98, 104, 106, 112, 113, 115]
[97, 99, 103, 104, 107, 109, 112]
[99, 104, 109, 112, 113, 114, 116]

concrete1_1
[92, 98, 104, 107, 112, 114, 114]
[96, 102, 106, 109, 112, 112, 113]
[99, 103, 108, 111, 112, 115, 115]

concrete1_2
[92, 99, 104, 107, 112, 114, 115]
[97, 101, 105, 111, 112, 113, 115]
[100, 102, 108, 111, 112, 113, 115]

concrete2_0
[88, 97, 104, 107, 110, 112, 114]
[97, 100, 105, 109, 109, 109, 110]
[97, 100, 106, 111, 112, 115, 117]

concrete2_1
[90, 98, 104, 108, 111, 112, 115]
[95, 98, 104, 109, 110, 110, 112]
[98, 100, 106, 112, 114, 116, 119]

concrete2_2
[83, 94, 101, 105, 108, 110, 113]
[87, 94, 101, 105, 107, 108, 109]
[95, 96, 103, 110, 112, 116, 118]

grass1_0
[52, 86, 95, 98, 104, 106, 108]
[45, 49, 69, 94, 100, 102, 104]
[54, 62, 81, 87, 95, 99, 100]

grass1_1
[58, 82, 93, 98, 104, 106, 108]
[53, 74, 81, 94, 101, 103, 104]
[57, 66, 78, 91, 93, 98, 100]

grass1_2
[44, 76, 92, 99, 102, 104, 108]
[65, 73, 76, 90, 98, 101, 104]
[58, 71, 82, 92, 96, 98, 102]

grass2_0
[71, 85, 95, 99, 105, 107, 111]
[73, 86, 95, 97, 101, 101, 106]
[58, 79, 86, 93, 100, 104, 106]

grass2_1
[76, 86, 95, 99, 104, 107, 110]
[69, 80, 86, 94, 96, 96, 97]
[41, 59, 81, 90, 96, 100, 103]

grass2_2
[66, 84, 95, 98, 106, 108, 112]
[62, 82, 86, 93, 93, 94, 97]
[40, 58, 81, 88, 96, 100, 103]

grass3_0
[41, 44, 55, 63, 71, 75, 79]
[44, 50, 59, 67, 74, 78, 81]
[46, 70, 78, 82, 86, 91, 93]

grass3_1
[35, 38, 46, 58, 65, 71, 73]
[41, 43, 47, 55, 53, 59, 58]
[39, 50, 59, 71, 79, 83, 91]

grass3_2
[40, 38, 50, 65, 70, 71, 74]
[33, 36, 36, 47, 49, 48, 46]
[36, 46, 57, 73, 84, 88, 93]

grass4_0
[46, 38, 45, 82, 89, 95, 82]
[48, 57, 70, 81, 83, 85, 85]
[48, 54, 55, 63, 80, 79, 81]

grass4_1
[46, 65, 53, 65, 79, 85, 86]
[45, 63, 72, 79, 85, 90, 92]
[46, 53, 57, 55, 66, 73, 84]

grass4_2
[43, 40, 44, 46, 42, 48, 67]
[39, 49, 63, 72, 82, 85, 86]
[44, 50, 57, 52, 62, 67, 75]

interlocking1_0
[79, 87, 98, 104, 106, 109, 112]
[80, 92, 98, 104, 106, 109, 111]
[77, 90, 97, 101, 104, 106, 109]

interlocking1_1
[84, 92, 100, 105, 107, 110, 113]
[82, 95, 101, 105, 107, 109, 112]
[78, 90, 97, 102, 104, 108, 109]

interlocking1_2
[82, 93, 100, 105, 108, 110, 114]
[81, 95, 100, 106, 108, 111, 112]
[78, 92, 98, 103, 105, 107, 110]

interlocking2_0
[80, 92, 98, 103, 106, 109, 111]
[81, 82, 85, 85, 85, 86, 85]
[85, 95, 101, 106, 109, 111, 112]

interlocking2_1
[79, 92, 99, 102, 106, 108, 111]
[79, 85, 84, 82, 84, 82, 81]
[81, 87, 98, 103, 106, 108, 111]

interlocking2_2
[79, 92, 97, 102, 106, 109, 112]
[79, 86, 85, 84, 85, 84, 84]
[82, 92, 100, 104, 107, 109, 110]

interlocking3_0
[81, 91, 99, 104, 107, 110, 114]
[81, 95, 101, 104, 109, 112, 113]
[78, 92, 99, 103, 107, 109, 112]

interlocking3_1
[76, 86, 96, 101, 104, 108, 112]
[75, 91, 98, 103, 106, 109, 112]
[73, 86, 97, 101, 106, 109, 112]

interlocking3_2
[73, 86, 96, 100, 105, 109, 111]
[70, 94, 99, 101, 107, 110, 112]
[71, 92, 98, 101, 107, 109, 110]

