concrete1_0
[2, 4, 6, 8, 10, 13, 13]
[0, 0, 1, 3, 5, 6, 7]
[0, 0, 1, 4, 6, 8, 10]
concrete1_1
[2, 4, 6, 8, 10, 13, 13]
[0, 0, 1, 2, 5, 6, 7]
[0, 0, 1, 4, 6, 9, 11]
concrete1_2
[2, 4, 5, 8, 9, 11, 12]
[0, 0, 2, 3, 5, 7, 9]
[0, 0, 1, 5, 6, 8, 12]
concrete2_0
[3, 6, 8, 11, 12, 14, 17]
[3, 4, 5, 7, 9, 11, 14]
[0, 2, 5, 10, 11, 14, 15]
concrete2_1
[2, 4, 7, 10, 12, 14, 16]
[1, 2, 4, 6, 8, 10, 13]
[0, 1, 4, 8, 9, 11, 14]
concrete2_2
[2, 5, 7, 9, 11, 14, 15]
[1, 2, 4, 5, 7, 10, 12]
[0, 1, 4, 7, 8, 11, 13]
grass1_0
[0, 0, 0, 0, 0, 1, 3]
[0, 0, 0, 0, 0, 0, 0]
[0, 0, 0, 0, 0, 0, 0]
grass1_1
[0, 0, 0, 0, 0, 0, 0]
[0, 0, 0, 0, 0, 0, 0]
[0, 0, 0, 0, 0, 0, 0]
grass1_2
[0, 0, 1, 3, 4, 5, 7]
[0, 0, 1, 2, 3, 4, 4]
[0, 0, 0, 0, 1, 2, 3]
grass2_0
[0, 4, 6, 6, 8, 10, 13]
[1, 6, 8, 10, 13, 14, 16]
[2, 6, 7, 10, 11, 13, 15]
grass2_1
[2, 5, 6, 7, 9, 11, 15]
[1, 4, 8, 11, 13, 14, 16]
[1, 5, 7, 9, 10, 11, 14]
grass2_2
[1, 5, 6, 8, 9, 11, 16]
[1, 5, 8, 11, 12, 14, 17]
[0, 6, 8, 10, 11, 13, 15]
grass3_0
[0, 0, 0, 0, 0, 0, 0]
[0, 0, 0, 0, 0, 0, 0]
[0, 0, 0, 0, 0, 1, 1]
grass3_1
[0, 0, 0, 0, 0, 0, 0]
[0, 0, 0, 0, 0, 0, 0]
[0, 0, 0, 0, 1, 2, 2]
grass3_2
[0, 0, 0, 0, 0, 0, 0]
[0, 0, 0, 0, 0, 0, 0]
[0, 0, 0, 0, 0, 1, 2]
grass4_0
[0, 0, 0, 0, 0, 0, 0]
[0, 0, 0, 0, 0, 0, 0]
[0, 0, 0, 0, 0, 0, 0]
grass4_1
[0, 0, 0, 0, 0, 0, 0]
[0, 0, 0, 0, 0, 0, 0]
[0, 0, 0, 0, 0, 0, 0]
grass4_2
[0, 0, 0, 0, 0, 0, 0]
[0, 0, 0, 0, 0, 0, 0]
[0, 0, 0, 0, 0, 0, 0]
interlocking1_0
[0, 0, 1, 3, 4, 6, 8]
[0, 0, 0, 0, 0, 2, 3]
[0, 0, 0, 0, 0, 0, 0]
interlocking1_1
[0, 0, 0, 3, 3, 5, 7]
[0, 0, 0, 0, 0, 1, 2]
[0, 0, 0, 0, 0, 0, 0]
interlocking1_2
[0, 0, 0, 2, 3, 5, 6]
[0, 0, 0, 0, 0, 1, 3]
[0, 0, 0, 0, 0, 0, 0]
interlocking2_0
[0, 0, 0, 0, 1, 3, 4]
[0, 0, 0, 0, 2, 4, 5]
[0, 0, 0, 1, 2, 5, 6]
interlocking2_1
[0, 0, 0, 0, 0, 2, 3]
[0, 0, 0, 0, 0, 2, 4]
[0, 0, 0, 0, 0, 1, 2]
interlocking2_2
[0, 0, 0, 0, 1, 2, 3]
[0, 0, 0, 0, 1, 3, 4]
[0, 0, 0, 0, 0, 1, 2]
interlocking3_0
[0, 0, 0, 0, 0, 0, 2]
[0, 0, 0, 0, 0, 0, 0]
[0, 0, 0, 0, 0, 0, 0]
interlocking3_1
[0, 0, 0, 0, 0, 1, 2]
[0, 0, 0, 0, 0, 0, 1]
[0, 0, 0, 0, 0, 0, 0]
interlocking3_2
[0, 0, 0, 0, 0, 3, 3]
[0, 0, 0, 0, 0, 0, 2]
[0, 0, 0, 0, 0, 0, 0]
